607.528076
19.488037
20.043945
19.941895
20.026123
19.890869
20.514160
19.979980
19.998047
20.013916
20.000977
20.019043
19.978027
19.974854
19.973145
19.995850
20.006104
20.008057
19.941895
16.251953
19.540039
19.940918
2.708008
13.317139
18.090820
19.847168
19.975830
20.131104
11.810059
19.402100
3.118164
9.736084
20.000000
20.000977
13.523926
0.471924
4.458984
2.500000
5.195068
19.992920
13.646973
1.273193
19.999023
19.998779
19.998047
19.976074
0.001953
0.020020
12.039062
19.968018
20.054932
19.869141
20.016846
20.068115
19.994873
20.023193
19.984863
20.020020
19.998047
19.993896
20.000977
19.972168
20.022949
20.000000
19.992920
19.997070
20.000977
19.996094
20.001953
20.001953
19.999023
19.996094
20.018799
19.981201
19.995850
20.015137
20.000000
19.864014
19.997803
20.111084
20.012939
19.981201
20.012939
20.002930
19.999023
20.000000
19.998047
19.998047
20.001953
19.994873
20.016113
19.964844
20.035156
19.985840
19.997070
19.975098
20.044922
19.974121
20.020996
20.003906
19.969971
20.018066
19.981934
19.913086
19.956055
11.896973
20.001953
19.979980
19.997070
10.888916
19.999023
20.002930
20.024902
19.973145
19.967041
20.034912
20.000000
19.997070
20.011963
19.979980
20.022949
19.994141
19.997803
20.000000
5.762939
9.493896
19.996094
3.751953
3.168945
19.884033
17.281982
20.104004
0.057861
6.632812
0.888916
6.317871
0.073975
6.863037
2.284912
19.978027
19.959961
19.022949
19.979004
19.961914
20.036133
5.924072
1.859863
0.041016
7.134766
19.915039
4.968018
4.178955
2.996094
13.940918
1.473877
3.895020
12.815918
20.111084
20.022949
19.977051
19.996094
20.006836
2.459961
2.297119
11.956055
0.223145
14.332031
0.267090
13.566162
19.980957
20.001953
20.015869
12.799072
3.321045
20.023926
19.990967
19.958008
20.031982
20.010986
19.906006
14.550049
19.906006
11.653076
1.695068
19.993896
4.050049
19.996826
20.001221
19.996826
9.366943
20.035889
12.099121
20.018066
19.997803
19.977051
20.010986
19.997070
20.001953
20.000977
20.038086
19.918945
20.052979
19.975098
20.001953
10.389160
19.993896
20.020996
19.889160
19.975830
20.129150
19.958008
20.056885
19.971924
20.020996
19.997070
20.019043
19.999023
19.940918
20.024170
20.021973
19.959961
20.034912
19.977051
20.035889
19.997070
19.989014
19.935059
20.044922
20.018066
19.996094
19.961914
20.041992
19.994873
19.884033
19.997070
20.150879
19.964111
20.010986
19.980957
19.989014
20.009033
19.968994
20.000000
20.031982
20.000000
19.996094
19.996826
19.998047
20.009033
20.004150
19.980957
20.016846
19.981201
20.019775
19.997070
19.977051
19.983887
20.030029
19.995117
19.881836
20.020020
20.109131
19.977051
20.020020
19.983887
19.995117
20.000000
20.020996
19.979004
20.017822
19.997070
19.989990
20.009033
19.992920
20.017090
19.969971
20.001953
19.998047
20.017090
19.997803
19.975098
20.022949
20.010010
19.947998
20.054932
19.890137
19.979004
20.062988
20.052002
19.997070
19.995850
20.006104
20.000977
19.996094
19.997803
19.997070
20.000000
20.008057
20.011963
19.974121
20.079834
19.935059
20.008057
19.968994
19.991943
20.020020
20.000977
19.979980
19.998047
20.002930
20.019043
19.891113
19.979004
20.141846
20.049072
19.936035
20.000977
19.900879
20.080078
19.998047
20.000977
19.999023
20.002930
20.003906
19.980225
20.022949
19.996826
19.987061
20.002930
20.002197
19.975830
20.027100
3.264893
19.999023
4.818115
19.994873
19.931152
19.947021
19.974854
20.141113
19.996826
20.006104
19.999023
20.003906
19.980957
19.992188
20.023926
19.977051
20.020020
19.980957
19.994873
20.027100
19.975098
20.031982
19.975830
19.997070
19.999023
19.995117
19.995850
20.021973
20.000000
20.000000
19.869141
19.999023
20.110840
20.011963
19.983154
20.020996
19.979980
20.020996
19.978027
19.989990
20.012939
20.003906
19.997070
20.006104
19.982910
19.999023
19.986084
20.016846
20.000977
20.008057
20.000000
20.000977
19.978027
20.017090
19.979980
20.021973
19.866943
19.998047
20.125000
20.003906
20.003174
20.002930
15.569092
20.001953
0.439209
19.997803
20.020020
19.992188
20.010986
20.053955
18.505127
20.000977
19.995850
14.704102
19.999023
19.980957
5.701172
20.005859
19.986084
13.421143
19.997803
19.988037
19.899170
20.096924
20.011963
7.109863
19.979004
20.000977
15.468018
19.997070
19.963867
20.040039
20.019043
19.978027
19.997803
19.999023
19.997070
19.998047
20.015869
19.975098
20.020020
19.996094
19.995850
20.014160
19.979004
20.009766
19.990234
19.998779
19.887207
20.001953
20.109863
19.998047
19.998047
19.934082
20.062988
19.996826
20.023193
19.980957
19.980957
20.023926
19.988037
8.773926
20.001953
5.812012
19.941162
20.039795
20.018066
19.996094
20.010010
19.982910
10.612061
19.980957
8.387939
20.000000
19.911133
8.382080
20.131104
19.994873
17.802002
20.014893
20.018066
2.260010
20.000977
19.998047
15.471924
20.004883
19.978027
20.003174
5.298096
19.931885
20.103027
20.000977
20.003174
19.998047
19.954834
3.720947
0.039062
5.979004
19.996094
11.464111
11.673096
10.629883
13.528076
20.000977
20.000000
19.979980
20.018066
19.944824
20.052002
19.978027
12.596924
19.948975
20.003174
20.019043
19.994873
19.972900
3.542969
20.000977
20.020996
19.979980
19.993896
19.996094
14.087891
19.982178
20.097900
19.790039
20.003906
20.109131
20.000977
6.327148
20.032959
20.024902
19.996094
20.021973
19.974854
19.989014
2.411133
19.979980
19.996826
20.002197
19.994873
19.998047
20.018066
19.995850
19.978027
19.996094
20.020996
19.975830
20.013184
20.000977
19.995850
19.894043
19.994141
20.148926
19.979980
19.998047
19.969971
20.004883
20.001221
20.018799
20.002197
20.020996
19.979980
20.000000
19.979980
19.996826
20.004150
20.001953
20.000977
20.001953
19.979980
20.020020
19.999023
20.000000
19.978027
20.041992
19.866943
20.000977
20.111084
20.002930
19.980225
19.931885
20.087891
19.902100
20.087891
20.003174
19.989014
20.002930
19.993896
19.981201
20.039795
19.987061
19.989990
20.000977
19.996094
20.001953
19.970947
20.031006
19.979004
20.024170
19.982910
20.020020
19.845947
20.047119
20.109863
14.079834
19.979004
15.958984
19.981934
20.023926
19.979004
20.102051
19.891113
20.013916
3.785889
10.984131
0.486084
4.526123
18.761963
20.031006
20.001221
12.479004
4.991943
4.187012
4.678955
1.186035
19.916992
19.959961
19.906006
20.002930
13.041992
19.996094
20.004883
20.001953
19.979004
20.024170
19.979004
20.000000
19.996826
20.006104
19.995117
0.929199
12.457031
5.340088
0.699951
6.207031
10.584961
19.979004
20.015137
19.979004
20.021973
3.092041
13.418945
8.326904
1.564941
20.107178
19.995850
8.773193
3.739014
0.092041
17.825928
19.978027
0.666992
0.937012
13.744141
4.482910
20.000000
20.002930
7.457031
4.510986
19.973877
2.517822
6.920898
20.000977
9.698975
20.000000
20.038086
19.954834
20.016113
19.887939
19.987061
20.113037
19.998047
19.990967
19.974854
20.038086
8.754883
19.995117
20.012939
19.996094
19.992920
19.999023
20.004883
16.053955
0.328125
20.016846
3.122070
19.996826
2.111816
19.995117
13.214111
0.758789
15.681885
2.342041
19.988037
4.192871
0.879150
4.895020
0.666992
12.288818
20.120117
7.676025
0.521973
0.891113
5.326904
19.414062
13.656006
2.941162
4.261963
2.597900
1.218994
5.845947
3.612061
19.997803
9.488037
19.990967
14.151123
0.039062
19.213135
0.997803
19.995117
12.593018
20.000000
20.108887
19.997070
19.997070
19.993896
20.000977
20.016113
19.997070
19.994873
20.000977
19.998047
19.997070
19.996826
19.995117
20.013916
19.978027
19.984131
20.016846
19.947998
20.061035
19.981934
20.018066
19.996094
19.994873
5.271973
2.014893
6.586182
8.565918
8.878906
4.786865
19.992188
1.458008
3.870850
9.458984
8.570068
19.980957
1.239014
7.875977
6.657959
11.475098
20.018799
10.739990
19.923096
20.029053
20.021973
20.011963
19.980957
19.997070
20.001953
19.990967
19.999023
19.905029
19.996094
20.086914
20.018066
19.998047
19.992920
20.020996
19.977051
19.992920
20.020996
19.998047
20.018066
19.973877
19.984131
20.033936
19.971924
20.021973
19.998047
19.999023
19.981934
20.020996
19.980957
19.997070
7.934082
20.020996
20.001953
19.863037
20.022949
20.109863
19.995117
16.623047
19.864014
20.033936
20.001953
20.018066
19.986084
19.992920
20.000977
20.001953
20.008057
19.996094
20.000000
20.000000
19.995850
20.085205
19.924805
19.976074
20.006104
20.003906
19.998047
20.002930
19.996094
19.901855
20.015137
19.958984
20.067871
20.050049
20.021973
19.979980
19.984131
20.020996
20.005859
19.983154
20.000977
20.002930
20.000000
20.006104
19.980957
20.022949
19.981934
19.995117
20.004883
20.002197
19.999023
20.003906
19.938965
20.061035
19.999023
19.887939
20.000977
20.093018
20.037109
19.959961
20.000000
19.995850
20.020020
19.986084
19.975098
20.019775
20.018066
19.984131
20.013916
19.995117
19.995850
20.000000
19.969971
20.031982
20.017090
19.976074
20.000977
19.998047
19.998779
19.999023
19.999023
19.863037
20.022949
20.110107
20.014893
19.979980
20.016113
12.562012
19.996094
13.822998
19.958984
20.036133
19.994873
20.016113
19.984863
0.022949
16.046143
5.093994
0.391846
10.547852
19.999023
8.479980
20.000000
19.999023
20.000977
20.000977
19.978027
19.905029
20.107910
19.937012
20.073975
19.979980
20.022217
19.972900
20.020020
19.979980
20.020020
19.994873
20.003174
20.013916
0.023926
1.206055
12.570068
12.379150
20.027832
19.991211
20.014893
19.973877
19.999023
4.406006
19.997070
0.430176
0.663818
0.328857
8.420898
1.791992
0.042969
19.992920
0.239014
20.050049
11.064941
7.826904
19.995117
10.239990
4.490967
7.350098
20.013916
4.210938
3.622070
8.146973
0.539062
0.256104
20.016846
0.173096
0.605957
0.427002
4.452881
19.997070
13.123047
20.022949
12.136230
0.004150
0.075195
3.687988
1.311035
3.584961
0.393066
0.083984
0.231934
0.062988
16.138916
0.166016
0.409912
1.510986
16.956787
0.031982
19.166016
0.043945
19.390137
0.380859
1.772949
0.059082
7.231934
0.058838
10.776855
0.000977
11.489990
0.252930
11.951904
7.332764
19.996094
20.009033
19.972900
19.999023
20.005127
20.020996
19.979004
20.001953
20.018066
19.993896
19.979004
19.984131
20.034912
19.949951
20.048096
19.999023
19.997803
20.019043
19.996094
19.971924
19.914062
20.083008
20.022949
19.998047
19.978027
19.999023
20.009033
19.979980
20.025879
19.995117
19.979004
20.022949
19.999023
20.061035
19.938965
19.998047
19.997803
19.997070
19.997070
19.995850
20.018066
19.977051
20.019043
19.978027
20.005859
19.889160
19.994873
20.141113
19.975830
19.996094
19.993896
19.997070
20.000000
19.953125
19.997803
20.059082
20.000977
20.000000
19.997070
19.999023
20.001953
19.957031
20.030029
20.005859
20.015137
19.846924
20.135986
19.978027
1.371826
20.000000
20.024170
19.449951
20.026123
20.111084
19.993896
20.021973
19.978027
2.691895
12.083984
20.018066
14.398193
19.979980
20.020020
19.979004
20.040771
19.959229
20.022949
19.980957
19.994873
20.018066
19.979004
20.020996
20.007080
19.974854
20.001221
19.989990
20.002930
19.891846
20.002197
20.108887
19.999023
19.997070
7.895996
0.146973
20.001953
19.999023
20.014893
19.984131
20.019043
3.380127
5.836182
0.156982
7.181885
0.020996
19.311035
0.166992
20.029053
0.164795
19.949951
20.094971
20.056152
19.887939
15.820068
19.891113
11.914795
20.056152
14.262939
20.043945
15.958008
7.479980
16.778076
0.165039
0.223145
14.738037
20.116943
12.039062
20.086914
0.019043
18.981201
0.136230
0.193848
19.737793
0.484131
0.002930
0.309082
9.222900
20.000000
15.403076
0.343018
0.061035
1.368896
0.031982
0.006104
1.260010
0.531006
0.000977
1.723145
0.000000
16.052979
0.060059
8.128174
0.108887
0.329102
7.516846
20.014160
19.994873
3.666992
19.985107
19.995850
15.774902
19.973145
16.631104
19.997070
0.942139
4.001953
19.907959
0.012939
16.013184
0.003906
0.032227
0.759033
0.062988
5.281006
3.686035
15.958008
0.070801
0.208984
0.387939
19.997070
12.129883
19.997070
2.931885
19.995117
4.323975
2.877930
20.001953
0.514893
3.654053
8.067139
0.042969
19.675049
0.307129
20.104980
20.022949
19.976074
20.017822
19.997070
19.965088
20.025879
19.994141
20.010010
20.017822
19.975098
0.150879
2.689941
11.398926
3.880127
10.888916
19.995117
11.903076
20.006836
20.065186
19.938965
19.997070
0.237061
1.304199
2.687988
0.549072
0.002197
10.548828
19.996094
15.677979
19.955078
7.828857
19.977051
0.743896
18.416992
6.907959
8.123047
12.375977
4.135010
1.513916
11.656982
0.176025
0.286865
0.452881
0.271240
0.130859
19.998047
18.176025
20.000977
19.906982
0.051025
14.295166
0.309082
5.626953
0.100830
1.393799
4.261963
0.199219
0.605957
0.045898
0.031982
0.316895
0.074951
2.976074
0.180908
1.437988
0.229980
6.199951
0.064941
0.166992
1.454102
1.804932
1.777100
19.960938
4.878174
19.886963
10.264160
5.036133
19.998047
4.476807
3.590088
7.402100
0.885986
4.468018
20.020996
0.646973
1.624023
18.392090
9.438965
0.049072
0.828125
7.741943
2.958984
4.031006
20.005859
20.003174
20.000977
19.998047
20.001953
20.000977
19.893066
19.956787
20.136230
19.995850
19.965088
20.031982
20.000000
11.725098
20.000000
19.997803
3.492920
19.999023
19.998047
20.000977
19.998047
20.016113
19.984863
20.020020
19.981934
19.995117
20.051025
19.969971
19.978027
20.021973
19.978027
20.015869
19.886963
19.976074
1.080078
19.962891
7.194092
20.037842
18.587158
20.000000
20.045898
19.947998
20.002930
19.996094
19.995117
19.995850
11.767090
0.064209
12.482910
19.942139
19.576904
0.191162
19.942871
20.061035
19.980957
3.229004
19.998047
3.416992
19.984863
0.263916
18.732910
19.998047
19.465088
0.801025
20.000000
0.232910
18.535156
0.054932
0.273926
0.482910
0.020996
5.033936
3.026855
6.318848
1.451904
0.145020
0.000977
6.862061
19.909912
4.112061
1.879883
0.244873
12.177002
8.854004
1.485840
8.864014
1.618896
7.440186
19.983887
5.112061
0.505127
7.501953
0.445801
2.165039
6.312012
3.504883
11.557861
2.547119
0.361084
4.249023
9.493164
20.020020
19.979980
20.000000
20.000000
19.997070
19.994873
20.026123
19.880859
19.996094
20.115967
19.998047
20.014893
19.979004
19.992920
20.027100
19.974121
20.031006
19.995850
19.992920
20.006104
20.000977
19.965088
20.035889
19.870117
20.123047
19.998779
20.099121
19.875977
20.032959
19.981934
20.011230
19.995850
19.983154
19.880859
20.020020
20.111084
19.997803
19.999023
19.994141
20.023926
20.079102
19.896973
20.019043
19.979980
20.002930
20.011963
19.979980
20.022949
19.997070
19.963135
20.027832
7.085938
19.994873
20.025146
11.727051
20.014893
19.985107
20.015869
19.871094
19.976807
20.128174
12.084961
2.673096
19.996094
2.489990
20.005127
19.989014
20.014893
19.979980
19.988037
20.024902
20.000000
19.996094
19.995117
20.005859
19.996094
20.008057
19.997803
19.992188
19.990967
20.006836
19.995117
19.996094
20.018799
19.847168
20.000000
20.145020
19.995850
20.000977
19.998047
19.971924
20.064209
19.952881
19.968018
20.050049
19.996826
0.645020
17.673096
3.437012
0.916016
5.208008
19.886963
1.147949
20.020020
19.998047
15.367920
20.047119
20.020020
3.275879
15.976074
3.302979
19.162109
20.108887
7.431885
19.974121
7.384033
7.320068
5.523926
19.998047
2.081055
15.230957
7.474854
13.782959
0.507080
16.552979
3.180176
0.768066
2.052002
8.402100
8.566162
19.995850
0.067139
19.408203
20.020996
0.889160
19.432129
4.531006
20.010986
6.010986
0.003906
9.628174
7.351074
11.775146
0.014893
0.678955
10.827881
4.658203
9.145996
9.254150
19.972900
3.372070
7.053223
4.020020
0.675049
17.282959
1.875000
2.195801
3.854004
0.161865
0.149902
3.112061
3.063965
5.396973
1.760986
19.187012
5.901855
19.305908
9.954834
19.977051
19.939941
20.077148
19.974854
20.000977
20.004150
19.999023
19.946045
20.055908
19.945068
20.074951
0.026855
15.320068
1.655029
2.281982
20.056152
7.267090
15.251953
7.268799
12.523926
19.908936
20.000977
1.937012
15.340088
3.328125
19.998047
19.962891
11.225098
0.098877
0.684082
20.006836
20.032959
20.009033
19.946045
19.999023
10.300049
15.695068
10.584961
20.007080
0.643066
0.322998
20.001953
19.998047
14.486084
20.086914
19.823975
19.995117
3.152100
20.022949
20.057129
20.002930
19.942871
19.993164
5.399902
20.020020
7.268066
19.998047
20.026855
13.210938
7.562012
20.107178
19.882812
20.014160
19.986816
20.013184
19.995850
8.751953
7.013916
20.000000
9.025879
19.987061
3.049072
4.587891
12.720947
4.627930
0.905029
4.914062
19.981934
6.242920
19.993164
15.854004
1.031982
18.456055
3.150146
19.995850
7.109131
20.059082
3.926025
19.998047
1.702148
6.625977
0.250000
0.271973
2.862793
15.635986
1.547852
3.823975
2.697021
10.960938
2.474121
1.636963
1.466064
5.002930
4.539062
2.537842
19.553955
16.666992
0.344971
6.136963
20.000977
3.181885
3.334961
1.858887
3.010986
11.113037
8.891846
20.000977
0.210938
0.829102
0.732910
8.190918
9.447998
0.296875
0.978027
0.058105
0.305176
2.813965
0.812012
0.437988
0.924072
0.458008
1.627930
2.954102
19.997070
11.896973
20.018066
14.932129
1.323975
3.052002
6.822998
13.780029
10.785889
0.108887
6.761963
19.996094
1.609131
3.326172
14.776855
0.040039
6.747070
1.406982
5.119141
3.375977
1.115234
19.981934
4.886230
19.997803
1.198975
0.195068
14.725098
0.822998
20.083008
4.512939
1.045898
8.927979
4.300049
6.069092
0.093994
14.519043
2.723145
18.871094
3.562988
20.038086
8.442871
0.822021
13.245117
2.418945
14.824951
2.141113
20.023926
7.701904
1.615967
12.586914
2.860107
18.052002
0.254883
14.996094
1.074951
0.821045
19.996094
4.949219
6.916016
6.681152
1.362061
14.585938
3.012939
1.238037
2.586914
18.852051
7.339844
0.172119
11.583984
20.015869
20.127197
5.132080
19.996094
6.906982
19.996094
14.716064
2.685059
18.419189
5.677002
20.043945
10.616211
0.011963
14.851074
2.827148
14.996094
7.572998
20.019043
6.161133
0.859131
20.022949
0.198975
18.961914
19.979980
13.788086
19.952881
18.415039
2.821045
20.019043
8.187012
20.018066
12.326172
20.047852
18.237061
3.979980
20.018066
6.597900
20.000977
11.943848
20.002197
18.364990
2.487061
19.981934
8.656006
20.025146
10.484863
20.057129
14.851074
19.974121
18.505859
6.781982
19.869873
11.845947
20.073975
14.359131
1.249023
20.000000
6.489990
19.996826
10.520020
19.962891
10.522217
0.247803
19.939209
2.519043
19.944092
6.562988
20.019043
14.740967
0.731201
19.617920
3.407227
20.000000
9.072998
20.000977
14.500000
0.353027
18.454834
4.511963
20.059082
10.006104
19.995117
15.315918
0.153076
20.013916
5.062012
19.998047
9.480957
19.978027
14.419189
19.985840
17.864014
4.276123
19.995850
9.012207
20.001953
13.898193
20.013916
18.450195
2.032959
19.998047
5.421143
19.981934
11.463135
19.993896
16.409180
1.335205
19.739990
5.802979
19.989014
10.932861
20.003906
15.853027
2.537109
3.480957
6.288818
11.891113
3.971924
20.022949
14.443115
0.626221
20.003906
6.259033
19.999023
11.418945
19.935059
16.353027
1.539062
19.870117
2.850098
20.135010
10.260010
20.030029
15.662109
20.000000
18.323975
2.508057
19.969971
9.750000
19.950928
14.422852
20.000977
12.398926
0.292969
16.920166
3.742188
19.457764
5.346924
20.001953
14.193115
20.001953
16.187012
0.175049
20.000977
9.379150
19.997803
13.975098
19.977051
18.071777
2.625000
20.003906
8.227051
6.601074
10.271973
0.614990
17.066895
3.012939
19.997070
7.849854
20.002197
10.875000
20.001953
14.568115
2.177002
18.273926
1.911133
19.995850
8.947998
19.998047
13.796143
0.838867
18.349121
3.779053
20.022949
19.977051
19.994873
20.004150
19.963867
20.016113
6.492920
19.995117
20.021973
19.994873
6.460205
20.022949
0.105957
10.540039
19.997070
2.271973
19.203125
3.542969
13.581055
10.708008
19.782959
19.940918
0.086914
19.510986
11.782959
10.083008
3.946777
19.997070
13.399902
9.234131
10.664062
19.953125
20.018799
19.979004
19.996094
3.140137
2.132812
6.564941
19.994873
16.703125
0.969971
19.996094
7.687012
1.478027
20.022949
6.566162
5.195068
0.204834
19.979004
14.448975
13.950195
19.994873
19.998047
20.002930
19.999023
20.017090
19.997070
19.992920
19.994873
19.968994
20.024170
19.995850
19.965088
20.052002
19.883057
20.117920
19.972900
20.011230
19.998779
19.994141
19.998047
19.993896
20.041016
19.852051
19.979004
20.126953
20.018066
19.979980
19.998047
19.919922
20.097900
20.019043
19.976074
19.973877
19.940186
20.085938
19.981934
19.995117
19.994873
20.025146
19.997803
20.004150
19.880859
20.070068
20.052002
20.038086
19.957031
20.001953
19.979004
19.902832
19.967041
20.083984
20.037109
20.022949
19.978027
20.021973
19.978027
19.996094
2.594971
0.094971
11.989014
6.431885
6.366943
5.475098
18.395020
5.731934
19.995117
19.999023
19.997803
19.998047
19.998047
20.000000
19.996094
20.006836
19.999023
19.868164
20.003906
1.718018
19.730957
0.090088
14.195068
1.485107
19.879883
20.034180
20.000977
19.979004
20.020020
20.016846
19.960938
20.020020
19.978027
20.025146
19.885010
20.120850
19.959961
20.105225
19.911865
19.998047
19.992920
19.995117
20.025879
19.845947
20.002197
20.136963
20.000977
20.003906
19.997070
20.000000
19.998047
19.995850
19.985107
20.020020
19.998047
20.000000
20.002930
20.007080
19.973877
20.004150
19.996826
20.001953
19.999023
19.997070
19.998047
19.979980
20.034912
19.943115
20.034912
19.890137
19.994873
20.113037
20.017090
20.001953
20.000977
19.977051
19.999023
20.022949
19.994873
19.999023
19.967041
20.036133
20.005859
19.989990
19.919922
20.061035
20.003174
20.003906
20.023926
19.942139
20.041992
19.979004
20.024902
20.005127
19.846924
4.005127
20.134033
11.188232
20.000977
19.979004
20.026855
20.000000
20.006104
19.983887
19.954102
20.034912
20.020020
19.986084
20.002930
20.003906
19.996094
20.007080
19.979980
19.998047
20.004883
9.406006
20.002930
19.330078
19.997803
19.986084
19.897949
19.979004
6.263916
20.003906
14.492920
19.937988
19.986084
20.002930
20.020996
19.983154
20.023926
19.961914
20.026123
20.003906
19.923096
20.062988
20.003906
19.981934
20.064209
19.941895
19.982910
20.025146
19.981934
20.001953
19.997070
19.927979
19.949951
19.983154
20.131836
20.000977
20.020996
19.983154
20.000000
20.002930
20.001953
2.050049
18.159912
1.187012
14.156982
0.166992
18.091064
0.452148
13.122070
1.687012
16.745117
2.141113
17.892822
5.766113
19.996094
1.872803
19.999023
19.865967
20.002197
20.126953
20.000977
20.039062
19.953857
19.998047
20.002930
20.000977
20.022217
19.974854
20.001953
19.999023
19.990967
19.985107
20.025879
20.006104
20.000000
20.042969
19.942139
20.017822
20.007080
19.981934
19.998047
20.005127
19.985840
19.875977
20.005127
20.134033
20.001953
19.982910
20.001953
20.002197
19.999023
20.001953
20.000000
20.024902
19.959961
20.024170
8.403076
20.002930
16.340088
3.337891
20.007080
5.044922
19.987061
20.003906
19.980225
20.039795
19.983154
20.000977
20.000000
19.875977
19.976074
20.249023
19.894775
20.000000
19.978027
19.996094
20.024902
19.995117
19.934082
20.052002
20.011963
20.010010
20.017822
19.945068
19.979004
20.091064
19.942871
20.020020
19.975098
20.001953
19.980957
20.018066
20.001953
20.004150
19.942871
19.928955
20.001953
20.106201
19.996826
19.986084
20.033936
19.984131
20.021973
20.002930
19.998047
20.000000
19.983887
20.023193
19.977783
20.002197
19.947998
20.052002
20.013916
19.990967
19.981934
19.968994
20.058105
19.879883
20.105225
19.973877
19.877930
20.030029
20.130127
19.973877
20.005127
19.959961
0.030029
0.989014
14.141113
20.002930
19.994873
19.996094
20.004883
19.998047
20.005127
19.859863
20.166992
19.959961
19.998047
20.000000
19.978027
20.028076
20.004883
20.000000
19.987061
19.872070
20.001953
20.136963
19.978027
20.008057
20.000000
20.008057
19.981934
20.005859
20.025146
19.961914
20.022949
19.982178
20.024902
19.982910
19.956055
20.049072
20.004883
20.003174
19.983887
20.002930
1.597168
0.148926
17.390137
0.176025
3.704834
0.062012
0.085938
0.139893
0.061035
9.507812
0.042969
0.189941
0.105957
0.041016
17.684082
19.958008
20.023926
19.992920
19.989014
20.015137
20.082031
19.896973
20.001953
20.000000
20.000977
20.006104
20.000000
19.996826
20.000000
20.000977
20.002197
19.848877
20.019043
20.126953
20.000977
19.959961
20.036133
19.999023
19.999023
1.020020
19.913818
14.012939
20.000977
19.976074
20.024902
19.984131
20.000000
20.000977
20.003906
20.001953
0.044189
18.997070
13.308105
19.999023
19.997070
20.001953
19.950928
19.939941
19.977051
20.123047
20.000977
19.991943
20.001953
20.001221
20.029785
19.974121
20.000977
20.002930
19.985107
7.021973
6.205078
0.016846
0.140869
0.486084
0.202148
0.486084
1.521973
0.622803
0.386963
17.493896
20.022949
19.959961
20.033203
19.871826
19.984131
20.154053
19.980957
19.994873
20.008057
19.966064
20.035889
20.021973
19.945068
20.017090
20.021973
19.962891
20.040039
19.977051
20.004883
20.000977
19.998047
19.995117
19.995850
20.010986
19.998047
20.021973
19.979980
20.066162
19.806885
19.977051
20.148926
20.004150
19.948975
20.035889
19.972168
20.037842
19.980957
20.024170
19.963867
20.042969
19.977051
20.062012
19.943115
19.983887
20.000000
19.953125
20.061035
19.947998
20.038818
20.003174
20.007812
20.004150
19.986816
19.985107
19.875977
19.999023
20.137939
20.000000
20.005127
19.980957
19.999023
20.008057
20.000977
19.975830
20.045166
19.972900
19.998047
20.004883
20.029053
19.969971
20.000977
19.873047
20.124023
19.996094
20.002930
20.002930
20.000000
20.003174
19.996826
20.003174
19.850830
20.020020
20.108154
19.993896
20.009033
20.002930
20.020996
19.986084
19.872070
20.131836
19.976074
20.024902
20.023193
19.960938
19.994873
19.925049
20.080078
19.968018
20.053955
19.983887
19.985107
20.002930
19.967041
20.018066
19.954834
2.921875
19.941162
12.419189
20.156006
19.968994
19.962891
20.065918
19.978027
20.003174
20.004883
20.001953
19.995117
20.006836
20.003174
19.975830
20.004150
20.016846
19.981201
20.001953
19.980957
20.033936
19.977051
20.020020
20.040039
19.957031
19.983887
19.871094
20.000977
20.125000
20.021973
19.978027
19.994873
20.017090
19.983887
20.001221
20.020996
19.975830
20.053955
19.944092
19.997070
20.006836
20.002197
19.997803
20.020996
19.977051
19.995117
20.000977
19.995850
19.998047
20.018066
19.954102
20.034912
19.868896
19.974121
20.160889
19.948975
20.040039
20.017090
19.981934
19.993164
20.009766
19.996094
20.000000
20.000977
20.023926
19.971191
19.949951
20.077881
19.955078
19.998047
20.024902
19.979980
20.020996
19.967041
20.051025
19.957031
19.997070
20.024902
19.846924
19.998047
20.151123
20.000000
19.961914
20.040039
19.980957
20.000977
19.992920
20.003174
20.040039
19.836914
20.141113
19.976807
20.003174
20.021973
19.999023
20.001953
20.000977
19.979980
20.001953
20.005127
19.981934
17.783936
5.855957
19.946045
19.908936
20.000977
20.063232
20.038818
20.005127
20.015869
20.003174
19.862793
20.135010
20.000977
20.000000
10.017822
3.370117
19.958984
20.023926
19.996094
19.999023
19.995850
19.990967
20.017090
20.054932
19.953125
18.575928
6.396973
20.087158
19.895996
19.990967
19.981934
20.116943
20.025146
19.998779
19.973145
20.019043
19.973877
20.077148
19.930908
19.999023
19.994873
20.020020
19.996094
19.979004
20.017090
20.003906
19.993896
19.983154
19.998047
20.018799
20.019043
19.915039
20.038086
19.954834
19.932129
20.000000
20.146973
19.976074
19.995850
19.998047
20.017090
19.978027
19.998779
20.019043
19.977051
20.018066
19.993896
19.998047
20.000000
19.995117
19.995850
19.996094
20.014893
19.990967
20.012207
19.996826
19.985107
20.000000
20.000000
19.893066
19.974854
20.147949
19.978027
19.998047
19.996094
20.020996
19.979004
20.020020
20.033936
19.981934
19.970947
19.983154
20.032959
19.979004
20.019043
19.971924
20.021973
19.979004
20.015137
20.001953
20.000000
19.998047
19.995850
19.999023
20.017090
19.848877
20.019043
20.103027
20.015869
12.423096
20.094971
17.655029
20.008057
19.997070
20.001953
19.997070
19.995850
19.994141
20.016846
19.995117
20.002930
19.978027
20.020020
19.978027
20.057861
8.577881
20.016113
19.982910
20.021973
19.941895
20.061035
19.842041
20.000000
20.127930
20.024170
19.979004
20.041016
19.955811
19.922119
20.114990
19.969971
20.005127
19.994873
19.975098
20.036865
19.974121
20.018066
19.994873
19.996094
19.994873
19.994141
19.996826
20.016113
19.961914
19.910156
20.065918
20.059082
19.868896
19.987061
20.126953
20.020996
19.972900
20.020996
19.995117
19.998047
20.016846
19.997070
19.975098
20.018799
19.972168
20.018066
19.997803
20.017090
19.975098
20.011963
20.040039
19.993896
19.949951
20.015137
19.901855
20.087158
19.994873
20.015137
19.848877
20.029053
20.102051
20.010986
19.980957
20.029053
20.036865
19.978027
19.979004
19.991943
19.997070
19.989990
19.955078
20.052979
19.988037
20.018799
19.995117
20.009033
19.979004
20.013916
19.978027
19.995117
20.015869
20.012939
19.956055
20.034912
19.866211
19.991943
20.125000
19.995850
20.035156
19.973877
1.153076
19.937988
8.730957
20.050049
19.977051
16.958984
10.678955
20.053223
19.994873
20.010986
19.977051
20.058105
19.951904
20.021973
19.997070
19.994873
19.976074
19.997070
19.995850
20.018066
19.845947
20.014160
20.135010
20.010986
19.955811
20.092041
19.955078
20.000000
19.973877
20.009033
19.972168
20.034912
19.980957
20.000000
20.000000
20.022949
19.979980
20.002197
19.979004
20.046875
19.970947
20.020020
19.975098
11.260986
0.713135
20.021973
19.854004
20.022949
20.108154
20.000000
1.413086
19.941895
12.844971
19.999023
19.974854
20.022949
19.999023
20.000977
19.996094
20.019043
19.975098
20.060791
19.937012
20.015137
19.995850
20.017090
19.964111
19.901855
20.073975
20.030029
19.995117
20.020996
19.845947
20.017090
4.498047
3.425049
1.466064
10.088135
19.995850
19.963135
20.031006
19.958984
20.031006
19.960938
20.052002
19.962891
20.048096
19.954102
20.046875
19.960938
20.050049
19.942139
19.951904
20.038086
20.033936
20.010986
20.001953
20.012939
19.871094
19.973877
20.127197
20.020996
19.974854
19.959961
20.032227
20.030762
19.996094
19.996094
19.989990
19.958984
20.031982
19.979980
20.033936
19.957031
20.027100
19.953857
20.032959
19.980225
20.031982
19.961914
20.027100
19.988770
20.015137
20.034912
19.854004
20.000000
20.166992
19.920166
20.032959
19.961914
20.031006
19.958984
20.053955
19.975098
20.022949
19.975098
20.018066
19.958984
20.032959
19.994873
20.016113
19.972900
20.017090
19.960938
20.031006
19.993896
19.999023
20.003174
20.017822
19.976074
19.884033
20.000977
20.125977
19.985107
19.014160
9.515869
20.031982
19.982178
20.033936
19.979980
20.019043
19.957031
20.096924
19.902100
20.034912
19.977051
20.018066
20.000000
19.997803
19.982178
20.018799
19.996094
19.967041
20.070068
19.964844
19.848145
20.082031
20.063965
19.980957
19.898926
20.093994
20.017090
19.979004
19.997070
20.002930
20.014893
19.998047
19.995117
20.006836
20.000977
19.999023
19.997070
20.018066
19.994873
19.909180
20.019775
20.000000
20.046143
20.039062
19.980957
19.941895
19.910156
19.997803
20.150146
19.982910
20.011963
19.995117
19.994873
19.996094
20.001953
19.988037
20.001953
19.994141
20.031006
19.977783
20.014160
19.998047
19.977783
19.998047
20.020020
19.903076
20.093018
20.000977
20.017090
12.717041
4.867188
19.862793
20.046143
20.092041
19.989990
19.994873
20.017090
19.996094
19.995850
19.998047
19.996094
19.972900
20.024902
19.996094
20.020996
19.976074
20.015869
19.978027
19.997070
20.020996
19.995850
19.972168
20.031982
19.993896
20.018066
19.953125
20.035889
19.867920
19.973145
20.123047
20.013916
20.013916
19.996094
19.973877
20.014160
19.990967
20.000000
19.999023
20.067871
19.900146
20.048828
19.997070
19.993896
19.986084
20.013916
19.995117
20.014893
19.997070
20.012939
19.962158
20.020020
19.970947
20.076904
19.821045
19.973145
20.143799
19.995117
19.993896
20.000000
20.015137
19.939941
20.037109
20.004883
19.995117
19.957764
20.055176
19.995850
19.993164
19.958984
20.053955
19.939941
20.047119
19.960938
20.069092
19.968994
20.013916
19.993896
19.992188
19.995850
19.885010
19.975098
20.164062
19.932861
20.020020
19.971924
20.072998
19.987061
19.979980
3.007812
20.083008
11.291992
20.036133
19.955078
20.035889
20.000977
20.009033
19.958008
20.032959
20.019043
0.117920
12.246094
20.070801
19.922119
20.085938
19.853027
19.996094
20.085938
20.045898
19.942139
20.047852
0.121826
11.218994
8.219971
0.655029
0.020020
0.046143
0.133057
0.000000
15.985107
20.096924
19.873047
20.061035
19.960938
19.975098
20.049072
19.967773
20.005127
20.031982
19.991943
20.017090
19.863037
20.014893
20.103027
20.013916
19.957031
20.048096
19.937988
20.066895
19.965088
20.104980
19.895996
20.030029
19.976074
20.019043
19.956787
19.911133
20.097900
20.037109
20.012939
19.980957
19.958984
20.028076
19.968018
20.092041
19.916016
20.011963
19.883057
19.994873
20.109131
20.007812
19.985107
20.025879
19.994141
20.024902
19.968994
20.000000
20.017090
20.035889
20.002197
20.018799
19.981201
19.995850
20.004150
20.013916
19.980957
20.021973
19.964111
20.052002
2.166016
0.025879
7.589111
0.322998
15.465088
20.034912
20.104004
19.992920
19.997070
19.995117
19.990967
20.018799
19.996094
19.994141
20.074951
19.936035
19.993896
19.996094
19.994873
19.995117
20.017822
19.997070
19.992920
19.999023
19.996094
20.020020
20.000000
20.010010
20.042969
19.846924
19.998047
20.104980
19.981934
20.033203
19.979980
20.021973
20.002930
19.959961
20.026123
19.994873
19.995117
19.981934
20.030029
19.989990
19.994873
20.012207
19.993896
19.995117
20.006836
19.964111
20.014893
9.285156
0.105957
19.947021
20.043945
19.880127
20.017822
20.103027
19.989014
20.014160
19.955811
20.020020
20.017090
20.009033
19.975830
20.018066
19.997070
19.999023
19.999023
19.996826
20.012207
19.979004
20.014893
19.989990
20.000977
20.017090
19.972900
20.015137
19.992920
20.018066
19.861816
19.995117
20.123047
19.992920
19.997070
20.010010
20.013916
19.968994
20.020020
19.998047
19.995850
19.997070
19.995117
19.994873
20.006104
19.999023
20.001953
19.997070
20.004883
19.994141
19.987793
20.010010
19.999023
19.996094
19.995850
19.997070
19.889160
19.970947
20.152832
19.997070
19.903076
20.096924
20.018066
19.977051
19.989990
20.063965
19.995850
19.957031
19.995117
19.998047
19.992920
19.966064
20.031982
20.015869
19.996094
20.014893
19.970215
19.993896
19.994873
20.056152
19.950928
19.995117
19.865967
20.016846
20.129150
19.991943
20.000000
20.011963
19.979004
19.990967
20.014160
20.012939
19.960938
20.010986
20.002930
19.993164
7.906982
19.988037
6.029053
20.001953
19.981934
19.997070
20.008057
19.995850
20.001221
19.989014
20.023926
19.864990
20.013916
20.125000
19.958008
20.041016
19.992920
19.998047
19.990967
19.998047
20.016113
19.992920
19.991943
19.995117
19.994873
20.000000
20.011963
19.974121
20.017090
19.995850
20.019043
19.998047
19.992920
19.995117
20.031006
19.875977
20.044922
19.900146
20.013916
20.126953
19.995117
19.917969
20.044922
19.991943
20.050049
19.995117
19.963867
20.026123
20.017822
19.978027
20.014160
19.993896
19.961914
20.049072
19.959961
19.986084
20.004883
20.031006
19.962158
20.061035
19.955811
20.028076
19.871094
19.993896
7.789062
0.265869
19.958984
20.051025
19.967041
20.031006
20.016113
19.986816
19.955078
20.034912
19.958984
20.040039
19.958008
20.038086
19.962891
20.033203
19.962891
20.032959
19.964111
20.033936
20.027100
19.972900
19.966064
20.032959
19.868896
20.018066
20.072998
20.032959
19.957031
20.040039
19.996094
19.997803
19.979004
20.020996
19.984131
20.010010
19.984863
19.911133
20.088867
20.016113
19.984863
20.031982
19.958008
20.001221
20.027832
19.996094
19.997070
11.052002
19.996094
19.977051
19.887939
19.996094
20.126953
19.993896
20.002930
19.997070
19.996094
20.040039
19.980957
19.992920
19.979004
20.017090
20.001953
19.999023
20.002930
19.981934
19.989990
20.024170
19.995850
20.003174
19.995850
20.018066
19.979004
19.996094
20.002930
19.871094
20.002930
20.112061
20.072998
19.950928
19.979980
20.000000
19.962891
20.034180
20.003906
19.965088
20.015869
4.062988
20.024902
7.681885
19.997070
15.773926
6.945068
19.977051
20.023926
19.932861
20.058105
19.998047
19.994873
19.925049
20.067139
19.860840
19.999023
20.054932
20.098145
19.979980
20.000000
20.035889
19.963135
20.009033
20.013916
20.017090
19.980957
19.998047
19.973877
20.005127
20.002930
19.998047
19.991943
19.951904
20.030029
20.062012
19.973145
20.003906
19.974854
19.995117
20.019043
19.846924
20.020020
20.106934
20.016113
20.003906
20.000000
19.999023
19.994141
19.998779
20.003174
19.978027
20.013916
20.020996
19.992920
20.000000
19.977051
19.998047
20.000000
20.020996
19.961914
20.026123
20.002930
20.000977
20.001953
20.003174
19.957031
19.904785
19.979004
20.148193
20.001953
19.998047
19.976807
20.020996
19.994141
20.008057
19.979980
20.020996
20.000000
19.977051
20.014893
20.001953
19.997070
19.997070
19.994873
19.997070
20.035889
19.974121
20.008057
19.974854
19.961914
20.051025
19.864990
19.992188
20.134033
20.000977
20.014893
19.949951
20.041992
19.998047
19.991943
19.998047
19.999023
19.998047
20.016846
19.994141
19.945068
20.052979
19.995850
20.000977
19.945068
20.052002
19.946045
20.056885
19.998047
19.976074
19.971924
20.033936
19.886230
19.996826
20.134033
20.004150
19.892822
20.102051
19.988037
19.997070
19.964844
20.031006
19.960938
20.051025
19.940186
20.052002
19.963867
20.031982
19.958008
20.051025
20.041016
19.954102
19.938965
20.073975
19.998047
19.972900
19.963135
20.052979
19.867920
19.997070
20.099854
8.991211
19.959961
7.451172
19.963867
20.030029
19.986084
15.349121
3.877930
20.049072
19.958984
20.033936
19.966064
20.022949
19.997070
19.970947
20.005127
19.994873
20.000000
20.037109
19.962891
20.035156
19.964844
20.032959
19.869141
19.992920
20.132080
20.020996
19.973877
20.005127
19.997070
20.014893
19.961914
20.040039
19.962158
20.032959
19.949951
20.041016
19.994873
20.016113
19.958984
20.052002
19.962891
20.030029
19.959961
20.033203
19.958008
20.031006
19.994873
19.994141
19.858887
20.042969
20.085938
20.017090
19.998047
19.999023
19.995850
19.997070
20.006104
20.022949
19.970947
19.997070
20.015869
20.006104
19.991943
19.996094
19.996826
19.998047
19.983154
20.037842
19.976074
20.020020
19.961914
20.033936
19.964111
20.014893
19.888184
19.999023
20.104980
20.026855
20.000000
19.979004
20.000977
20.018066
19.976074
20.016846
19.994141
19.979980
20.014893
20.019043
19.953125
20.024902
20.003906
19.989014
19.984131
20.016846
19.999023
19.971191
20.021973
20.000977
19.972900
20.025146
19.870850
19.999023
20.130127
19.997803
20.001221
19.998779
19.999023
20.020020
19.978027
20.018066
19.976074
19.994873
20.016113
19.980957
20.015869
19.979004
20.021973
19.930176
20.062988
19.995850
19.997070
19.909912
20.081055
19.996094
19.994873
20.013184
19.885010
19.996826
20.103027
20.000000
20.017090
20.001953
19.997070
19.999023
20.000977
19.941895
20.025146
20.024902
19.980957
20.011963
20.040039
19.912109
20.044922
20.001953
20.000977
19.995117
20.000000
19.995850
20.023193
19.977783
19.983154
20.010010
19.869873
20.020996
20.108154
19.965820
20.036133
20.004883
19.979004
20.000977
20.020020
19.964111
20.027100
20.002930
20.000000
19.998047
19.999023
19.993896
20.019043
19.995850
20.000977
19.972168
20.018066
19.997803
20.000000
19.994141
19.938965
20.078857
19.848145
20.011963
20.131104
19.996826
19.999023
19.993164
19.995850
19.997070
19.993896
20.000977
19.976074
20.037109
19.996826
20.019043
19.972168
19.979980
20.033936
19.972900
20.018066
19.970947
20.020996
19.994141
19.999023
20.014893
19.999023
19.996094
19.872803
19.999023
20.107178
19.997803
20.018066
19.992920
19.977051
20.016113
20.015869
19.994141
20.015869
0.173096
17.260010
20.005127
19.996094
19.961914
20.049072
2.422119
20.000000
19.991943
20.001953
3.065918
16.199219
1.159912
3.957031
11.265869
19.976074
19.791016
19.963135
20.020020
20.010010
19.999023
19.999023
19.996826
19.995117
19.994873
20.025146
20.007812
19.996094
19.995117
19.996826
19.979980
20.000000
19.996094
19.995117
19.894775
20.096191
20.021973
19.996826
19.998047
20.019043
19.846924
20.002197
20.126953
19.999023
20.000000
19.978027
20.020020
19.994873
20.022949
19.976074
19.965088
20.031006
20.011963
19.977051
19.941895
20.075928
19.998047
19.996094
20.013916
19.995117
19.994873
19.977051
19.900879
20.138184
19.977783
19.995117
19.864014
20.015869
20.123047
19.996094
19.994873
20.005127
19.970947
20.010010
19.995117
20.014893
20.008057
20.051025
19.953857
19.990967
19.996094
19.992920
19.994141
20.016846
19.978027
20.013184
19.994873
19.995117
19.875000
20.153809
19.975098
19.997070
19.889893
19.974121
20.145996
19.980957
20.006836
19.995117
20.014893
19.997070
20.000977
20.016113
19.973877
19.996094
20.035889
19.973145
19.993896
20.037109
19.970947
20.013916
20.017090
19.969971
19.999023
20.035889
19.973145
19.993896
19.978027
20.033936
19.846191
20.038818
20.107178
19.994873
20.016113
19.975830
19.997070
20.032959
19.958008
20.016113
20.037842
19.965088
19.989014
20.018066
19.998047
19.975830
20.036133
19.962891
19.966064
20.055908
20.000977
20.007080
19.989990
20.000000
19.978027
20.039062
19.843994
20.015869
20.129150
19.986816
19.994141
20.016846
19.974121
19.997070
20.022949
19.969971
20.013916
20.021973
19.976074
19.999023
19.975098
20.044922
19.980957
19.971924
19.927002
20.087158
20.058838
19.956055
19.996094
19.994873
19.999023
19.994141
19.907959
19.974854
20.126221
20.015869
19.970947
20.000977
20.038086
19.974121
20.038818
19.941162
20.009033
19.990967
19.986816
20.012207
20.033936
19.961914
20.010010
19.997070
20.002930
20.010986
19.976074
20.034912
19.974121
19.995850
20.021973
19.846191
19.995850
20.154053
19.989014
19.993896
20.023193
19.984863
19.988037
20.013916
19.996094
20.000977
20.009033
19.977051
19.995850
20.016113
19.907959
20.075928
20.019043
19.975098
20.032959
19.969971
19.995117
20.013916
20.013916
19.974121
19.993896
19.882080
19.992920
20.124023
20.036133
19.972900
20.010010
19.995117
19.959961
20.044922
19.995117
19.971924
20.014893
20.014160
19.975830
20.015137
19.994873
19.991943
20.013184
20.011963
19.973877
20.014160
19.996826
19.993164
19.994873
20.017090
19.840088
20.021973
20.141846
19.938965
20.036133
20.015869
19.976074
20.012939
20.036133
19.896973
20.062012
20.032959
19.949951
20.015137
20.020996
19.941895
20.028076
20.041016
19.969971
20.020020
19.963867
19.946045
20.056152
20.042969
19.954834
19.997070
19.907959
19.968994
20.152100
20.012939
19.956055
20.020996
19.994873
20.056152
19.930908
20.017090
19.994873
19.996094
20.011963
19.991943
19.998047
19.995117
19.857910
20.135986
19.968018
20.031982
19.989990
20.021973
19.986084
19.997070
20.015869
19.864990
20.015137
20.117920
19.982910
19.994141
20.021973
19.977051
20.017822
19.946045
20.023926
20.018066
20.017090
19.997070
19.848877
20.101074
19.974854
20.059082
19.995117
20.018799
19.974121
20.023926
19.974121
20.000000
20.026855
19.979004
19.982178
19.898926
19.978027
20.125000
20.024902
19.999023
19.998047
20.015869
19.981201
19.993896
20.006104
19.964844
20.035156
19.973877
19.980957
20.015137
20.044922
19.959961
19.999023
19.997070
20.020996
19.998047
20.018799
19.979004
19.977051
20.017090
12.692871
20.019043
20.106934
19.996094
20.002930
20.020020
19.980957
19.979980
20.022949
19.979004
20.019043
20.019043
19.977051
19.991943
19.999023
19.995117
20.000977
20.013916
20.010986
19.979004
20.019043
19.993896
19.980957
20.010986
19.988037
20.005127
19.890869
19.973145
20.135986
20.040039
19.965820
19.986084
20.084961
19.922119
19.990967
20.013916
19.994141
19.979004
20.035889
19.971924
19.953125
10.356201
19.994873
13.640137
20.035889
11.030029
20.017090
14.203857
17.243896
19.997070
20.015869
19.999023
19.842041
20.023926
20.107178
20.018799
19.998047
19.968018
20.000977
9.234131
19.976074
0.049072
4.523193
19.949951
20.050049
19.958008
19.918945
20.115967
20.020020
19.973877
20.049072
19.971924
19.982178
0.022949
0.057129
1.552979
0.229980
5.028076
0.580078
11.679932
13.791992
20.003174
19.999023
20.021973
19.962891
19.988037
20.043945
19.961914
19.871094
20.157959
19.833008
20.135010
20.002930
19.999023
20.015137
19.993896
19.982178
8.908936
2.587891
19.999023
19.998047
20.019043
19.931885
20.017090
19.867920
19.994141
20.109863
20.018066
19.980957
19.999023
19.996094
20.006836
20.010010
19.958008
20.036133
20.020020
19.992920
19.979980
20.017090
19.997803
20.002197
19.998779
19.999023
19.997070
19.978027
20.019043
20.000000
19.999023
20.000977
20.000977
19.867920
20.001953
20.104004
20.110107
19.897949
20.019043
19.967041
20.029053
19.945801
20.028076
20.022949
19.999023
19.975098
20.001953
20.020020
19.980957
20.017090
20.020996
19.972900
20.018066
19.981934
19.989014
19.995117
20.021973
19.998047
19.976807
19.892090
19.999023
20.108887
20.017090
19.978027
20.018066
19.997803
19.999023
19.980957
20.016113
20.003906
19.979980
20.001221
19.984863
20.031982
19.984131
19.997803
20.005127
19.999023
20.007080
20.000977
20.000000
19.982910
2.880127
20.033936
19.231934
19.869873
20.023193
20.128906
19.979004
20.014893
19.965088
20.019043
19.980957
20.033936
19.998047
19.974121
20.022949
19.998047
19.994873
20.022949
19.975098
20.041992
19.952881
19.999023
20.006104
19.992920
19.995117
19.995850
20.002197
20.015869
19.850098
20.017822
20.066162
20.041016
20.010010
19.995850
20.003174
20.000000
19.998779
20.000000
19.998047
19.910156
20.093018
20.018799
19.996094
19.982910
19.997070
20.000977
20.000000
19.997070
20.004883
19.999023
19.999023
19.977051
20.018066
19.941895
19.925049
20.073975
20.047119
20.020996
19.998779
19.979004
19.950195
19.919922
20.143066
19.995850
19.998047
19.998047
19.999023
19.985840
20.029053
19.977051
19.964111
20.031982
20.018799
19.978027
20.019043
19.981934
20.019043
19.997070
20.000000
19.850098
19.992920
20.135010
20.001953
20.000000
19.995117
20.004883
20.020020
19.981934
19.964111
20.031006
19.999023
19.999023
20.000000
19.999023
19.945801
20.052979
19.998047
20.012939
19.980225
20.010986
19.995850
19.994141
19.963867
20.049072
19.994873
19.864990
20.015137
20.125977
19.995117
19.995850
19.996094
19.999023
19.999023
19.997803
19.998047
19.996094
20.016846
19.998047
19.996094
19.973877
20.020996
19.993164
20.000000
19.999023
20.014893
19.975098
20.021973
20.017822
19.958008
20.000000
19.999023
19.867188
20.038818
20.103027
19.952148
20.038818
20.011963
19.995117
19.995117
20.002930
8.050049
2.579102
20.002930
19.896973
20.081055
20.000977
20.017090
20.023926
19.977051
19.989990
20.058105
20.063965
20.062012
20.000977
20.000000
19.921875
19.983154
19.867920
20.153076
19.936035
19.981934
20.019043
19.978027
19.958984
20.020996
20.001953
20.000000
19.858887
20.078125
20.039062
19.979980
19.995850
20.006104
20.000000
20.001953
19.965088
20.034912
20.001953
19.968018
20.052002
19.985107
19.999023
19.892822
19.997070
20.062988
20.041992
19.998047
20.000000
19.927002
20.050049
20.000000
20.024902
19.947021
20.033936
20.002197
19.962891
19.988037
20.019043
20.018799
20.008057
19.979004
20.011963
20.029053
19.992920
19.983154
20.001953
20.000000
20.022949
19.851074
20.000977
20.108887
20.024170
19.979980
20.001953
19.999023
19.999023
20.001953
19.999023
20.003906
19.988037
20.012939
19.996094
20.007080
20.002930
19.976074
20.006836
19.998047
20.021973
19.982178
20.018799
19.930176
19.999023
20.058838
19.983154
19.871826
20.000000
20.131104
20.022949
19.929932
20.057129
8.053955
20.055176
13.330078
20.000000
19.945068
20.039062
19.942871
20.072021
19.986084
19.995850
20.004150
19.979980
20.023926
20.007080
19.970947
20.023926
18.555908
13.156982
19.920166
20.000000
19.881836
19.990967
20.132080
19.947998
20.053955
19.989990
19.994141
20.000000
19.950928
20.062012
19.999023
20.000000
20.022949
19.958008
20.000977
20.000000
20.000977
20.000000
20.000000
20.005127
19.947998
20.054932
20.006104
20.002930
19.929932
20.060059
19.852051
20.003906
20.131104
19.999023
20.023926
19.982910
20.003174
20.205811
20.022949
19.903076
20.057129
19.957031
20.125977
20.042969
19.998047
19.961914
20.000977
19.960938
19.954102
19.960938
19.976074
19.981934
19.981934
19.955078
19.966064
19.885010
19.984863
20.086182
20.024902
19.946045
19.940918
20.093994
20.000000
19.944092
20.064941
19.935059
20.059814
19.940186
20.056885
19.946045
20.003906
20.052002
20.000977
19.940186
20.055908
20.065918
19.881104
19.981934
19.979004
20.040039
19.958008
19.947998
19.999023
20.093994
20.000000
19.996094
20.053955
19.941895
19.999023
19.996094
20.055908
19.965088
19.979004
19.999023
20.057861
20.025146
19.973877
19.937012
20.006104
19.999023
20.001953
20.075928
19.923096
20.099854
19.958008
19.945068
19.906006
19.979980
20.114014
19.978027
20.019043
19.994873
20.057129
19.918945
9.565918
3.407959
20.038086
20.034912
19.997070
19.942139
19.997803
19.998047
20.025146
19.952881
20.028076
20.022949
19.989990
19.980957
19.949951
20.048096
19.999023
20.020020
19.879883
20.008057
20.113037
20.053955
19.947021
20.011963
19.995117
19.997803
19.983154
19.997070
19.994873
19.957031
20.060059
19.955811
20.039062
20.016113
19.984863
20.010986
19.996094
19.989014
20.013916
19.944092
20.018066
20.038818
19.981201
19.964844
19.902100
20.000977
20.151855
20.001221
19.979980
20.004883
19.998047
20.000000
20.000977
19.882080
20.115967
19.997070
19.994873
20.003906
20.003174
19.996826
20.003174
19.946045
20.049805
19.950195
19.972900
19.957031
20.124023
19.973877
20.033936
19.846191
20.025879
20.115967
19.998047
20.004150
19.982910
20.020020
20.002930
19.989990
19.999023
19.943115
20.004883
20.041016
20.002930
20.003174
20.004883
19.998047
19.968994
20.032959
19.999023
19.959961
20.058105
19.968994
20.024902
19.974121
19.921875
19.943115
20.002930
20.147949
19.981934
20.004150
19.998047
19.999023
19.941895
19.999023
20.052979
20.001953
19.994141
20.020996
19.940918
20.026855
20.002197
20.000977
20.012939
19.990967
19.917969
19.999023
20.073975
20.000977
20.000000
20.002197
19.866943
19.998047
20.150879
19.978027
20.000977
20.018066
14.145996
20.026123
17.658936
19.997070
19.998047
19.941895
20.052002
19.999023
19.944092
20.052002
19.981934
20.019043
20.002930
19.965088
19.979004
20.080078
19.981934
20.000977
19.978027
19.998047
19.876953
20.000977
20.127930
20.001953
19.940186
20.055908
20.006104
19.943848
20.057129
19.905029
20.033936
15.999023
9.921875
20.034180
20.000000
19.995850
20.004150
20.006836
19.926025
20.074951
19.949219
20.001953
20.035889
20.004150
19.944824
20.004150
19.926025
20.000000
20.074951
20.052002
19.946045
20.077881
19.936035
20.041992
20.006104
19.875977
20.100830
19.998047
20.008057
19.996094
20.000977
20.000000
20.000000
19.943848
20.061035
19.918945
20.082031
19.943115
20.008057
5.212158
20.025879
18.644043
19.988037
20.098145
19.998779
20.005127
20.014893
19.989990
20.054199
19.979980
20.000000
19.996826
19.971191
19.993896
20.000977
20.039062
20.018066
19.926025
19.950928
20.049072
20.004883
19.998047
20.060059
19.944824
19.998047
20.001953
19.966064
19.923096
19.999023
20.093994
20.001953
20.020996
19.979980
20.000977
20.008057
20.012939
19.973877
20.003174
19.978027
20.026855
19.980957
20.022217
19.982910
20.002930
20.006104
20.005859
20.000977
19.992188
20.007812
7.101807
1.003906
19.999023
19.884033
20.021973
20.094971
19.983154
20.001953
20.001953
20.041016
19.935059
20.054932
19.967041
20.007080
19.977783
20.020020
20.002197
19.982910
20.038086
19.919922
20.030029
20.022949
20.003906
20.020020
19.942139
20.057861
19.985107
20.010010
19.870850
20.004150
20.133057
19.944824
19.994141
20.045898
19.999023
20.002930
19.994141
20.006836
19.968994
19.974121
19.914062
20.142822
7.552002
0.810059
20.001953
19.973145
20.067871
20.104004
19.905029
19.995117
19.942871
20.078125
19.980957
19.947021
19.901855
20.006104
20.128906
20.021973
20.000000
19.983154
19.875000
20.127930
20.002930
19.944092
19.966064
20.074951
19.999023
20.005859
20.000000
19.920166
20.000977
20.019043
20.055908
19.951904
20.058105
19.998047
19.994873
19.998047
20.008057
19.852051
19.999023
20.137939
19.968018
19.979980
20.057861
19.912109
20.035889
20.037109
19.996094
20.004883
19.943115
20.054932
19.941895
20.061035
19.978027
19.965088
20.002930
19.999023
20.018066
20.031982
20.000000
19.937012
20.056885
19.949951
20.055176
19.864990
19.992920
20.101074
20.032959
19.939941
19.950928
20.114014
19.946045
20.007080
20.036865
19.999023
19.943115
20.075928
19.982910
19.920166
19.964844
20.062988
20.056152
19.948975
19.998047
20.001953
20.053955
19.981934
20.017090
19.985107
20.019775
19.842041
20.002197
4.956787
20.001221
4.734131
19.943848
2.104004
19.996094
8.002930
0.013916
19.869873
0.760010
19.944824
20.006104
19.979980
20.023926
20.022949
20.041016
19.971191
19.944824
20.054199
19.997803
20.003174
19.992920
20.003906
19.946045
19.933105
19.983887
20.125000
19.927002
20.077148
19.997803
20.012207
19.953857
20.031006
19.947998
20.059082
19.951904
19.957031
20.084961
19.944092
20.002930
20.003906
20.004150
20.035889
19.930176
20.079834
19.947998
20.032959
20.018066
19.994141
19.876953
19.981934
20.134033
20.003906
19.947998
20.060059
19.950928
19.985107
20.012939
20.038086
19.958984
20.054932
19.912109
20.024902
20.005127
20.008789
20.041016
20.002197
19.948975
20.042969
19.947998
19.984863
20.006104
20.009033
20.010010
20.039062
19.860840
20.020020
20.061035
19.997070
20.005859
19.965088
20.021973
20.042969
19.969971
20.040039
19.982910
19.935059
20.041016
19.979004
20.025146
20.005859
20.000977
19.999023
19.984131
20.062988
19.939941
20.004883
19.981201
20.000977
20.002930
19.965088
19.946777
20.009033
20.080078
20.021973
19.980957
20.003174
19.977783
20.004150
20.002930
20.039062
19.944092
20.054932
19.943848
20.046143
19.983887
20.000000
20.014160
19.984863
19.983154
20.004883
19.960938
20.049072
19.985107
20.032959
20.250977
19.624023
20.002930
20.072998
20.058105
19.942871
19.986084
20.018066
20.000000
19.998779
20.005127
19.983887
20.038086
19.966064
20.050049
19.998779
19.993164
3.718994
0.128906
12.507080
19.949951
0.092773
0.272949
0.132812
1.562012
0.552002
0.044922
12.782959
0.050049
4.714844
19.925049
20.060059
19.947998
20.000977
20.001953
20.038086
20.000977
20.002930
19.993164
20.008789
19.945068
20.005127
20.112793
19.921143
20.002930
19.970947
20.039062
19.947998
20.036133
20.006836
19.947998
20.000000
20.010986
19.910156
20.002930
20.079102
20.004883
20.039062
19.949951
20.055908
19.948975
20.022217
20.036865
19.958008
20.052002
19.979980
19.947021
20.057129
19.983887
19.998047
19.949951
20.004883
20.038086
20.005127
20.000977
20.001953
20.003906
20.010986
19.856201
20.007812
20.078125
20.034912
19.946045
20.022949
19.985107
20.003906
20.055908
19.981201
19.947021
20.065918
19.944092
20.040771
19.997070
20.025146
19.982910
20.002930
19.945068
20.007080
20.037842
20.003174
20.005859
19.946045
20.093994
19.812988
20.003906
20.089111
20.002930
20.000000
19.984131
20.061035
19.941895
19.987061
19.996826
20.062988
19.944092
20.008057
20.060059
19.982910
20.006104
20.000000
19.983887
20.002930
19.999023
19.954102
20.054932
19.947021
20.040039
19.989990
20.009033
19.914062
19.953857
20.138916
19.945068
20.059082
19.979004
19.964844
20.002197
20.033936
19.998047
20.005859
19.945068
20.055908
20.004150
20.062012
19.898926
19.990967
20.038086
19.947021
20.057861
19.956055
19.995117
19.998779
20.029053
19.976074
20.035889
19.866211
19.985840
20.153076
19.942871
20.058105
19.947021
19.983887
4.742188
4.992920
20.027100
20.022949
19.979004
20.017090
19.979980
19.975830
10.691895
19.997070
20.018066
20.026855
4.186035
19.967041
15.626953
6.997070
19.999023
19.999023
20.004883
19.926025
19.978027
20.072021
20.040039
19.979004
19.998047
20.008057
19.998779
20.009033
20.010010
19.973145
19.998047
20.005859
20.000000
19.997070
20.000977
20.003906
19.999023
20.001953
19.992188
20.027832
20.005127
19.963867
20.020996
19.981201
19.976807
19.934082
19.979004
20.094971
20.009033
19.941895
20.035156
20.052979
19.993896
20.010986
20.000000
19.963135
20.020996
19.977051
19.983887
19.998047
20.053955
19.945068
20.052979
19.942871
19.998047
20.005127
20.052979
19.999023
19.983887
19.927979
20.051025
19.904053
20.000000
20.094971
20.038086
19.962891
19.907959
20.085938
19.981201
19.995850
20.000977
20.003174
20.124023
19.882812
19.995117
20.000000
20.025879
19.982178
20.003906
19.979980
20.052979
19.952148
20.036865
19.968994
19.979980
20.010010
20.001953
19.912109
19.983887
20.159180
19.942871
20.004150
20.057861
19.947998
19.976074
20.053955
19.954102
20.054932
20.003906
19.945068
20.000977
20.039062
19.948975
20.058105
19.941895
20.000977
20.002930
20.006104
20.001953
20.037109
20.000977
19.947021
19.994873
19.913086
20.001953
20.072021
20.062988
20.001953
19.948975
19.998047
20.006104
19.980957
20.026855
19.982178
20.000977
19.999023
19.995850
20.052002
19.943115
20.055908
20.005127
19.943848
19.997070
20.011963
19.984131
20.000000
20.001953
20.055908
19.853027
20.001953
20.147949
19.925049
20.028076
19.977051
20.020996
19.970947
20.025879
19.984131
20.017090
19.975830
19.999023
20.000000
20.025146
20.026855
19.957031
20.049072
20.000977
20.000000
19.979980
20.014893
20.005127
19.941895
19.992188
20.009766
19.901123
19.998047
20.095947
19.947021
20.055908
20.055176
19.944824
19.982178
20.069824
20.035156
19.874023
20.080811
19.947021
20.003174
20.001953
19.994873
20.006104
20.010010
19.991943
19.985107
20.000000
20.004883
19.998047
19.964844
20.083008
19.856201
20.003906
20.080078
20.052979
19.964844
19.994141
19.984863
19.998047
20.062988
19.943115
20.062988
19.942871
11.906982
20.037842
13.520996
20.012939
20.008057
19.994141
19.984863
20.005127
19.986816
20.060059
19.946045
20.067871
19.916016
20.009033
19.913086
20.004883
20.102051
19.979004
20.006104
20.008057
14.001953
6.629150
19.984863
20.008057
19.989990
20.003906
20.010010
19.982178
20.064941
20.001953
19.947021
20.008057
20.004883
20.035156
19.944824
20.003174
20.060791
19.941162
20.005859
19.890137
20.002930
20.096924
19.997070
20.000977
19.985107
20.021973
20.005859
19.976074
20.056152
19.923828
20.020996
20.060059
19.945068
20.001953
20.003906
20.004150
19.999023
20.035889
19.917969
20.082031
20.000977
19.999023
19.999023
19.945068
19.996826
19.904053
20.000000
20.110107
19.989990
19.991943
20.028076
19.980957
19.995850
20.126221
19.873779
19.966064
20.031982
19.984131
20.000977
20.055908
19.965088
20.055908
19.920166
20.002930
20.015869
19.981201
20.056885
19.947998
19.997070
20.024902
19.884033
20.001953
20.101074
20.050049
19.856934
20.087891
20.001221
20.041992
19.941895
20.020020
19.977051
20.019043
19.997803
19.999023
19.996094
20.039062
20.000000
19.998779
19.942139
19.984863
20.074219
20.001953
19.940918
20.005127
19.949951
20.051025
19.879883
19.999023
20.117920
19.994141
20.001953
20.052979
20.083008
19.888916
20.036133
19.932861
20.001221
19.984863
20.026123
19.995850
19.986084
20.073975
19.925049
20.000977
20.000977
19.997070
20.002930
20.004883
19.999023
19.997070
20.006104
19.999023
19.889893
20.001953
20.093994
20.026123
19.979004
20.004883
19.999023
19.984131
20.000000
20.059814
19.979004
19.969971
20.000977
20.002197
20.042969
20.004883
19.942139
20.001953
20.057861
19.946045
20.000000
19.999023
19.979980
20.018066
20.001953
19.979004
3.673096
11.614014
7.790039
20.054932
19.924072
20.011963
20.124023
19.884033
20.003906
19.980957
19.999023
19.319092
19.996826
20.009033
19.975098
20.020996
19.977051
20.019043
20.000000
20.053955
19.947021
20.000000
20.037842
19.967041
19.998047
19.887939
19.996094
20.096924
20.055908
19.948242
20.000000
20.000977
20.001953
20.000000
20.003906
20.002930
20.000000
19.975098
20.060059
19.943848
19.998047
20.004150
20.000000
19.994873
20.004150
20.000000
19.998779
19.999023
20.052979
19.936035
20.000000
19.902100
20.018066
20.087891
19.955078
20.033936
19.996094
20.070801
19.945068
19.996094
19.996826
20.052002
19.940186
19.996826
19.996094
20.018066
19.993896
19.999023
19.997070
19.991943
20.007080
20.052002
19.947998
19.994873
19.964111
20.067871
19.865967
19.995117
20.110107
20.000977
19.986816
19.994141
20.072021
19.995850
19.942139
19.993896
20.023926
19.996094
19.992920
19.970215
20.008789
20.006104
20.013916
19.994141
20.051025
19.908936
20.083008
19.940918
20.019043
19.996094
19.992920
19.992920
19.900146
20.032959
20.071045
19.992920
20.000000
20.116943
19.881104
20.000000
19.991943
20.020996
19.977051
20.013916
20.003174
19.990967
20.002930
19.999023
20.035889
19.943115
20.022949
20.055908
19.945068
19.996094
19.983887
20.020020
19.999023
19.903076
19.993896
20.098145
20.004883
19.985107
20.001953
19.995850
20.004150
19.994873
20.004150
20.006836
19.995117
19.997070
19.992920
19.997070
20.036865
20.015137
19.943848
19.994141
20.017822
19.979004
20.069092
19.947021
20.015869
19.984131
20.007080
19.909912
19.997070
20.069824
19.994141
20.000977
20.018066
19.996826
19.997070
0.042969
11.959961
7.354004
0.846191
0.207031
0.072998
0.043213
1.535889
0.013916
0.805176
0.642090
0.098145
0.665039
0.010986
16.591064
20.000000
19.992920
20.060059
19.851074
20.000000
20.092041
19.944824
20.111084
19.937988
20.001953
20.006104
19.984863
20.016113
20.001953
19.968994
20.025146
19.993896
20.003906
20.017090
20.007080
19.972900
19.999023
19.965088
20.020020
20.013916
20.000000
19.961914
11.293945
20.052002
19.845947
20.028076
20.062988
20.135986
19.881104
19.998047
2.861816
13.054932
1.737061
10.883789
19.986084
6.835938
20.004883
19.997070
20.006104
19.980957
20.018066
19.980957
20.010010
20.010986
19.979004
20.002930
20.000000
20.000000
20.003906
19.999023
1.020020
7.107910
20.143066
5.860107
1.783203
10.878174
19.977783
11.094971
20.009033
13.436035
20.072021
19.946045
20.014893
20.003174
19.977051
20.000977
19.999023
20.022949
20.041992
19.933838
20.013184
19.979980
20.019043
19.998779
19.994141
20.009033
14.917969
19.999023
14.920898
19.990967
19.978027
20.001953
20.001953
20.002197
19.996826
19.998047
20.001953
19.994141
20.037842
19.962158
20.015869
19.995117
19.995850
19.978027
12.492188
8.491943
2.568115
6.990234
19.970947
11.633057
2.984131
9.693115
19.885986
20.000977
20.099121
20.002930
19.977051
14.917969
2.447021
18.937012
14.736084
19.998047
10.530029
19.944824
20.075195
19.924805
20.054199
19.941895
0.400879
17.020020
19.999023
20.001953
20.003906
19.982178
19.997803
20.006104
20.063965
0.613037
2.225098
0.489990
6.854980
7.515869
5.577881
0.918945
17.447998
2.920166
16.016846
20.046143
10.807861
20.002930
8.827148
20.000977
20.021973
19.960938
20.011963
20.025146
19.986816
19.996094
20.055908
19.904053
20.052002
0.089844
16.629883
19.909912
4.139893
20.104004
20.033936
1.736084
10.854980
0.004150
18.851807
0.195068
12.788086
17.550049
10.870850
19.979004
6.806152
20.020020
20.000977
20.037842
19.945068
20.007080
20.056885
19.943115
19.999023
20.000977
19.979980
10.057129
20.001953
19.927002
2.667969
20.093018
2.634033
12.009033
0.120117
13.043945
2.804932
14.812988
1.284912
14.922852
20.011963
12.951172
6.216064
7.151123
20.001953
10.748047
10.505127
2.398926
2.770996
14.572998
5.220215
20.002930
20.041016
19.919922
20.025146
19.927002
19.958984
20.093018
20.000977
20.002930
20.002930
2.972900
10.083008
0.023926
10.676025
20.026123
12.261963
6.693115
20.001953
2.756104
1.224121
8.044922
20.080078
3.083984
19.964844
20.013184
6.673828
0.002930
14.764893
0.375000
1.595947
2.528076
6.740967
14.721924
0.578125
0.055908
10.708984
0.654053
12.132080
10.674805
0.058838
4.453125
0.843994
20.002930
0.105957
20.001953
19.980957
14.622070
19.999023
19.969971
20.001953
20.001953
19.999023
20.090088
19.903809
20.006104
19.927979
19.997070
20.095947
19.994873
19.981201
0.062012
0.615967
1.518066
3.844971
0.415039
20.055176
19.946777
13.270996
19.995850
20.025146
19.978027
18.628906
1.682861
1.929932
0.495850
1.567871
7.658936
20.059082
20.118896
5.465088
3.510010
20.000000
2.508057
16.167969
6.067139
3.281006
0.734863
15.399170
6.829102
16.403076
10.906982
8.653076
2.696045
20.025879
20.125000
19.999023
19.958984
19.968018
4.875000
8.831787
19.982178
19.954834
19.983154
19.983887
19.998047
19.927002
5.084961
19.979980
14.009033
19.936035
15.019043
3.157959
19.943115
12.333984
5.533936
1.466064
0.036133
12.105225
0.936035
0.024170
5.752930
3.943115
7.224854
20.011963
10.349121
4.721924
17.487793
11.770020
1.169922
19.940918
1.690918
9.105957
19.887939
0.166992
2.541992
1.364014
0.119873
0.329102
9.745850
2.114014
2.285889
0.158936
0.095215
19.197021
1.262939
0.002930
1.761963
1.966797
1.777832
16.455078
1.375000
7.812012
10.156006
9.665771
18.194092
2.334961
20.104004
0.095947
0.133057
0.171143
0.013916
0.428955
5.352051
1.046143
0.203857
2.848877
14.596191
20.203857
12.708008
2.640869
10.617188
